 0.20000000 0.12727273 0.25000000 0.23277573 0.45161290 0.83333333 0.73033708
 0.20000000 0.11948052 0.23913043 0.14459881 0.38709677 0.08333333 0.47752809
 1.00000000 0.49350649 0.34782609 0.49673944 0.48387097 0.66666667 0.25000000
 0.20000000 0.18181818 0.14130435 0.22341934 0.74193548 0.25000000 0.28089888
 0.20000000 0.12987013 0.22826087 0.15508931 0.41935484 1.00000000 0.70224719
 1.00000000 0.72727273 0.64673913 0.75446555 0.25806452 0.16666667 0.05617978
 0.20000000 0.12987013 0.22826087 0.15508931 0.41935484 1.00000000 0.70224719
 0.20000000 0.21038961 0.23913043 0.39410264 0.78064516 0.83333333 0.37359551
 1.00000000 0.60259740 0.45108696 0.44116813 0.25806452 0.41666667 0.05617978
 0.20000000 0.04155844 0.10326087 0.11511199 0.54193548 0.83333333 0.73595506
 0.60000000 0.41818182 0.32065217 0.50099234 0.50322581 0.66666667 0.26966292
 0.20000000 0.13506494 0.22826087 0.25148852 0.45806452 0.83333333 0.67415730
 0.20000000 0.16623377 0.26630435 0.26850014 0.40000000 0.66666667 0.46348315
 1.00000000 0.75324675 0.56521739 0.65976751 0.32258065 0.75000000 0.21067416
 0.60000000 0.41818182 0.32065217 0.50099234 0.50322581 0.66666667 0.26966292
 0.20000000 0.04935065 0.13586957 0.10688971 0.44516129 0.66666667 0.57584270
 0.20000000 0.18181818 0.14130435 0.22341934 0.74193548 0.25000000 0.28089888
 1.00000000 0.72727273 0.64673913 0.73603629 0.25806452 0.08333333 0.08426966
 0.20000000 0.12727273 0.27717391 0.22455344 0.44516129 0.66666667 0.36235955
 0.20000000 0.05454545 0.11956522 0.10121917 0.61935484 1.00000000 0.56179775
 0.20000000 0.12727273 0.27717391 0.26424724 0.58064516 0.41666667 0.36516854
 0.20000000 0.09090909 0.13043478 0.16643039 0.33548387 0.75000000 0.65168539
 1.00000000 0.61558442 0.45652174 0.70456479 0.38709677 0.16666667 0.05617978
 0.60000000 0.42077922 0.23913043 0.45307627 0.58064516 0.41666667 0.22471910
 0.20000000 0.07272727 0.11956522 0.14800113 0.55483871 0.66666667 0.51966292
 0.20000000 0.07012987 0.22826087 0.18882903 0.70967742 0.25000000 0.25280899
 0.60000000 0.41818182 0.32065217 0.50099234 0.50322581 0.66666667 0.26966292
 0.60000000 0.46753247 0.29347826 0.47320669 0.45161290 0.08333333 0.22471910
 0.20000000 0.09610390 0.15760870 0.16784803 0.41935484 1.00000000 0.70224719
 1.00000000 0.72727273 0.67391304 0.72356110 0.21935484 0.58333333 0.12640449
 0.20000000 0.07272727 0.18478261 0.08562518 0.41290323 0.75000000 0.69382022
 0.60000000 0.40259740 0.29347826 0.57782818 0.62580645 0.50000000 0.25280899
 0.20000000 0.07272727 0.10326087 0.21746527 0.81935484 0.91666667 0.53089888
 0.20000000 0.07272727 0.11956522 0.12248370 0.67741935 0.58333333 0.57584270
 0.20000000 0.07012987 0.04347826 0.18174086 1.00000000 0.16666667 0.33707865
 0.20000000 0.04935065 0.08695652 0.06577828 0.47096774 0.83333333 0.52808989
 0.20000000 0.12727273 0.25000000 0.23277573 0.45161290 0.83333333 0.73033708
 0.20000000 0.10909091 0.22826087 0.29118231 0.68387097 1.00000000 0.44943820
 0.20000000 0.13246753 0.16304348 0.25460731 0.64516129 0.16666667 0.30898876
 0.20000000 0.13246753 0.34782609 0.27984122 0.30967742 0.58333333 0.29494382
 1.00000000 0.60259740 0.51086957 0.85766941 0.51612903 0.33333333 0.08426966
 1.00000000 0.72727273 0.67391304 0.72356110 0.21935484 0.58333333 0.12640449
 1.00000000 0.72727273 0.32065217 0.59880919 0.70967742 0.91666667 0.43820225
 1.00000000 0.72727273 0.42934783 0.64842642 0.60645161 0.75000000 0.33707865
 0.20000000 0.09870130 0.25543478 0.22058407 0.48387097 0.33333333 0.42134831
 0.20000000 0.07012987 0.22826087 0.14658350 0.41935484 0.08333333 0.44943820
 0.20000000 0.12987013 0.22826087 0.46980437 0.89677419 0.50000000 0.22471910
 0.20000000 0.10909091 0.21195652 0.27275305 0.52903226 1.00000000 0.56179775
 1.00000000 0.60259740 0.45652174 0.76041962 0.44516129 0.58333333 0.11235955
 1.00000000 0.60259740 0.51086957 0.52055571 0.16129032 0.00000000 0.16853933
 1.00000000 0.64415584 0.56521739 0.71505529 0.35483871 0.16666667 0.11235955
 0.20000000 0.13246753 0.34782609 0.29685285 0.38709677 0.25000000 0.36516854
 1.00000000 0.72987013 0.58152174 0.71335413 0.32258065 0.16666667 0.08426966
 1.00000000 0.85714286 0.56521739 0.95945563 0.38709677 0.25000000 0.00000000
 0.20000000 0.22337662 0.32065217 0.32095265 0.56129032 0.66666667 0.34269663
 0.20000000 0.12987013 0.22826087 0.38106039 0.58064516 0.41666667 0.33707865
 1.00000000 0.93246753 0.82608696 0.94669691 0.22580645 0.25000000 0.02808989
 0.20000000 0.18181818 0.23913043 0.22540403 0.74193548 0.16666667 0.25280899
 1.00000000 0.72727273 0.72826087 0.78451942 0.26451613 0.50000000 0.15449438
 0.20000000 0.18181818 0.23913043 0.18457613 0.48387097 0.08333333 0.47752809
 1.00000000 0.81298701 0.72826087 0.94754749 0.22580645 0.08333333 0.02808989
 1.00000000 0.72727273 0.64673913 0.58973632 0.22580645 0.00000000 0.11235955
 0.20000000 0.09870130 0.15760870 0.18485965 0.46451613 0.83333333 0.59550562
 0.60000000 0.42077922 0.29347826 0.28948115 0.32258065 0.08333333 0.22471910
 0.20000000 0.07012987 0.00000000 0.09554862 0.83870968 0.25000000 0.42134831
 0.20000000 0.18181818 0.17391304 0.27757301 0.67741935 0.41666667 0.33707865
 0.00000000 0.00000000 0.27717391 0.20328891 0.35483871 0.16666667 0.22471910
 0.20000000 0.11168831 0.26630435 0.18854551 0.48387097 0.16666667 0.36516854
 0.20000000 0.04155844 0.09782609 0.07428409 0.54193548 0.91666667 0.78651685
 0.20000000 0.10649351 0.18478261 0.15367168 0.43870968 0.58333333 0.53370787
 0.20000000 0.09610390 0.14130435 0.19194783 0.58064516 0.83333333 0.60112360
 1.00000000 0.60259740 0.51086957 0.85766941 0.51612903 0.33333333 0.08426966
 1.00000000 0.72987013 0.55434783 0.86305642 0.35483871 0.41666667 0.08426966
 1.00000000 0.96103896 0.91847826 0.88517153 0.19354839 0.25000000 0.05617978
 1.00000000 0.60779221 0.56521739 0.64615821 0.29032258 0.16666667 0.11235955
 1.00000000 0.49870130 0.34782609 0.45591154 0.35483871 0.41666667 0.25280899
 0.20000000 0.12987013 0.15217391 0.28976467 0.66451613 0.91666667 0.57865169
 0.60000000 0.33766234 0.19021739 0.39665438 0.61935484 0.50000000 0.36516854
 0.60000000 0.46753247 0.29347826 0.61468670 0.58064516 0.33333333 0.14044944
 0.20000000 0.05194805 0.15760870 0.14516586 0.41935484 0.33333333 0.47752809
 0.60000000 0.26753247 0.37500000 0.30819393 0.31612903 0.75000000 0.44382022
 1.00000000 1.00000000 0.97282609 0.94641338 0.19354839 0.25000000 0.02808989
 1.00000000 0.72727273 0.64673913 0.73603629 0.25806452 0.08333333 0.08426966
 0.20000000 0.18181818 0.25000000 0.35497590 0.54193548 1.00000000 0.36516854
 0.60000000 0.41818182 0.32065217 0.51375106 0.57419355 0.58333333 0.26685393
 1.00000000 0.72987013 0.60869565 0.77969946 0.32258065 0.25000000 0.05617978
 0.20000000 0.22337662 0.32065217 0.33654664 0.41290323 0.83333333 0.47471910
 0.60000000 0.33506494 0.27717391 0.32917494 0.48387097 0.00000000 0.19662921
 0.20000000 0.18181818 0.22826087 0.31386447 0.47741935 0.66666667 0.39606742
 0.20000000 0.18181818 0.22826087 0.31386447 0.47741935 0.66666667 0.39606742
 1.00000000 0.64415584 0.56521739 0.60731500 0.38709677 0.50000000 0.05617978
 0.20000000 0.04935065 0.13586957 0.08846045 0.38709677 0.75000000 0.58707865
 0.20000000 0.16623377 0.26630435 0.25574142 0.43870968 0.66666667 0.28370787
 0.20000000 0.03376623 0.08152174 0.11057556 0.70967742 0.33333333 0.58988764
 0.60000000 0.26753247 0.37500000 0.30819393 0.31612903 0.75000000 0.44382022
 0.20000000 0.10909091 0.22826087 0.29118231 0.68387097 1.00000000 0.44943820
 0.60000000 0.46753247 0.32065217 0.49333711 0.41935484 0.50000000 0.30898876
 0.60000000 0.42077922 0.23913043 0.45307627 0.58064516 0.41666667 0.22471910
 0.60000000 0.46753247 0.17391304 0.55599660 0.83870968 0.50000000 0.19662921
 0.20000000 0.04155844 0.10326087 0.14091296 0.63870968 0.83333333 1.00000000
 0.60000000 0.33766234 0.21195652 0.38332861 0.50322581 0.66666667 0.25842697
 0.20000000 0.12987013 0.15760870 0.26339665 0.61290323 0.83333333 0.57022472
 1.00000000 0.64415584 0.56521739 0.80635101 0.35483871 0.33333333 0.08426966
 0.20000000 0.07012987 0.11413043 0.12815424 0.63225806 0.91666667 0.59831461
 0.20000000 0.07272727 0.10869565 0.05301956 0.41290323 0.66666667 0.70505618
 0.20000000 0.07012987 0.25000000 0.19138078 0.58064516 0.16666667 0.47752809
 0.20000000 0.08051948 0.20108696 0.16699745 0.47096774 0.50000000 0.44943820
 0.60000000 0.25454545 0.46739130 0.36773462 0.21935484 0.83333333 0.60955056
 1.00000000 0.64415584 0.56521739 0.61355259 0.29032258 0.25000000 0.11235955
 1.00000000 0.64415584 0.56521739 0.61355259 0.29032258 0.25000000 0.11235955
 0.20000000 0.13246753 0.34782609 0.29685285 0.38709677 0.25000000 0.36516854
 0.20000000 0.18181818 0.17391304 0.27757301 0.67741935 0.41666667 0.33707865
 0.20000000 0.18441558 0.18478261 0.45846328 0.80000000 0.91666667 0.48033708
 0.20000000 0.12727273 0.27717391 0.26424724 0.58064516 0.41666667 0.36516854
 0.60000000 0.33246753 0.26630435 0.36603346 0.51612903 0.25000000 0.33707865
 0.20000000 0.21038961 0.22826087 0.31953502 0.51612903 0.58333333 0.37921348
 0.20000000 0.07272727 0.09239130 0.12418486 0.58064516 0.58333333 0.54775281
 1.00000000 0.72727273 0.53804348 0.67337681 0.32258065 0.25000000 0.05617978
 1.00000000 0.85714286 1.00000000 0.75559966 0.09677419 0.25000000 0.14044944
 0.20000000 0.07012987 0.15760870 0.15820811 0.51612903 0.41666667 0.50561798
 0.60000000 0.40259740 0.32065217 0.51772044 0.48387097 0.08333333 0.14044944
 0.20000000 0.21038961 0.23913043 0.39410264 0.78064516 0.83333333 0.37359551
 0.20000000 0.10909091 0.22826087 0.29118231 0.68387097 1.00000000 0.44943820
 0.60000000 0.33766234 0.19021739 0.39665438 0.61935484 0.50000000 0.36516854
 1.00000000 0.64415584 0.56521739 0.74397505 0.41935484 0.25000000 0.08426966
 0.20000000 0.05454545 0.11413043 0.09980153 0.45161290 1.00000000 0.75842697
 0.20000000 0.07012987 0.15760870 0.15367168 0.54193548 0.50000000 0.47752809
 0.60000000 0.33766234 0.19021739 0.39665438 0.61935484 0.50000000 0.36516854
 0.20000000 0.16623377 0.26630435 0.26850014 0.40000000 0.66666667 0.46348315
 0.20000000 0.03376623 0.08152174 0.11057556 0.70967742 0.33333333 0.58988764
 0.20000000 0.11168831 0.26630435 0.21519705 0.45161290 0.00000000 0.36516854
 0.60000000 0.19740260 0.40217391 0.37340516 0.37419355 0.91666667 0.37078652
 1.00000000 0.85714286 0.70108696 0.80833570 0.22580645 0.08333333 0.08426966
 0.20000000 0.18181818 0.15760870 0.26339665 0.58064516 0.33333333 0.39325843
 0.20000000 0.00519481 0.12500000 0.00000000 0.64516129 0.08333333 0.67415730
 1.00000000 0.81298701 0.72826087 0.94754749 0.22580645 0.08333333 0.02808989
 0.20000000 0.03896104 0.03260870 0.11964843 0.91612903 0.50000000 0.50561798
 0.60000000 0.33766234 0.21195652 0.39041678 0.65806452 0.75000000 0.24719101
 0.20000000 0.07272727 0.10326087 0.21746527 0.81935484 0.91666667 0.53089888
 0.60000000 0.24155844 0.42934783 0.43294585 0.36129032 0.66666667 0.16853933
 1.00000000 0.70129870 0.61956522 0.56592005 0.00000000 0.00000000 0.08426966
 0.20000000 0.05194805 0.13043478 0.09186277 0.40000000 0.50000000 0.50561798
 0.20000000 0.18441558 0.18478261 0.45846328 0.80000000 0.91666667 0.48033708
 0.00000000 0.02597403 0.34782609 0.31386447 0.35483871 0.58333333 0.29494382
 0.20000000 0.07012987 0.17391304 0.16302807 0.50322581 0.83333333 0.65449438
 1.00000000 0.60779221 0.56521739 0.64615821 0.29032258 0.16666667 0.11235955
 0.20000000 0.07272727 0.10326087 0.12248370 0.52903226 0.91666667 0.65730337
 0.60000000 0.33766234 0.19021739 0.39665438 0.61935484 0.50000000 0.36516854
 0.60000000 0.42077922 0.35869565 0.34647009 0.43225806 1.00000000 0.30898876
 0.20000000 0.05194805 0.13043478 0.09186277 0.40000000 0.50000000 0.50561798
 0.20000000 0.08831169 0.26630435 0.21604763 0.61290323 0.00000000 0.39325843
 0.60000000 0.33506494 0.27717391 0.32917494 0.48387097 0.00000000 0.19662921
 0.20000000 0.07012987 0.15760870 0.15367168 0.54193548 0.50000000 0.47752809
 0.20000000 0.04155844 0.10326087 0.14091296 0.63870968 0.83333333 1.00000000
 0.60000000 0.40259740 0.34782609 0.49532180 0.55483871 0.75000000 0.26966292
 0.60000000 0.40259740 0.34782609 0.56903884 0.69032258 0.66666667 0.21348315
 0.60000000 0.28831169 0.34782609 0.37765807 0.54193548 1.00000000 0.39325843
 0.20000000 0.21038961 0.23913043 0.39410264 0.78064516 0.83333333 0.37359551
 0.20000000 0.18181818 0.17391304 0.27757301 0.67741935 0.41666667 0.33707865
 0.60000000 0.42077922 0.29347826 0.28948115 0.32258065 0.08333333 0.22471910
 1.00000000 0.72727273 0.59239130 0.81910972 0.35483871 0.16666667 0.05617978
 0.40000000 0.13246753 0.11413043 0.37907570 0.76774194 0.83333333 0.71348315
 0.20000000 0.13246753 0.36413043 0.17607031 0.29032258 0.00000000 0.42134831
 1.00000000 0.64415584 0.56521739 0.65976751 0.33548387 0.50000000 0.05617978
 0.60000000 0.41818182 0.32065217 0.50099234 0.50322581 0.66666667 0.26966292
 0.20000000 0.07272727 0.23913043 0.18485965 0.48387097 0.25000000 0.42134831
 1.00000000 0.93246753 0.82608696 0.77346187 0.12903226 0.00000000 0.11235955
 1.00000000 0.60779221 0.56521739 0.58378225 0.22580645 0.16666667 0.16853933
 0.20000000 0.05194805 0.15760870 0.14034590 0.48387097 0.33333333 0.36516854
 0.60000000 0.33766234 0.19021739 0.39665438 0.61935484 0.50000000 0.36516854
 0.20000000 0.09090909 0.09239130 0.14516586 0.43225806 1.00000000 0.75842697
 0.20000000 0.10389610 0.22282609 0.30025517 0.61290323 0.00000000 0.39325843
 1.00000000 0.75324675 0.67391304 0.86220584 0.32258065 0.25000000 0.05617978
 0.20000000 0.07272727 0.11956522 0.12248370 0.67741935 0.58333333 0.57584270
 1.00000000 0.49870130 0.34782609 0.45591154 0.35483871 0.41666667 0.25280899
 0.20000000 0.11948052 0.15760870 0.15452226 0.48387097 0.25000000 0.36516854
 1.00000000 0.61038961 0.53804348 0.51375106 0.33548387 0.66666667 0.23033708
 0.60000000 0.24155844 0.42934783 0.43294585 0.36129032 0.66666667 0.16853933
 1.00000000 0.85714286 0.78260870 0.79642756 0.29032258 0.16666667 0.05617978
 0.20000000 0.12727273 0.19565217 0.31386447 0.73548387 1.00000000 0.56179775
 1.00000000 0.85714286 0.56521739 0.60901616 0.09677419 0.00000000 0.11235955
 0.20000000 0.05454545 0.11956522 0.10547207 0.51612903 0.91666667 0.64887640
 1.00000000 0.64415584 0.56521739 0.69861072 0.38709677 0.16666667 0.08426966
 0.20000000 0.09610390 0.21739130 0.24128154 0.48387097 0.50000000 0.47752809
 0.20000000 0.13506494 0.21739130 0.17380210 0.54838710 0.16666667 0.28089888
 0.60000000 0.33766234 0.21195652 0.38332861 0.50322581 0.66666667 0.25842697
 1.00000000 0.64415584 0.56521739 0.69861072 0.38709677 0.16666667 0.08426966
 1.00000000 0.72987013 0.57608696 0.73773745 0.30967742 0.50000000 0.09831461
 1.00000000 0.72987013 0.55978261 0.77176070 0.41935484 0.58333333 0.14044944
 0.60000000 0.40259740 0.26630435 0.46810320 0.51612903 0.41666667 0.22471910
 0.60000000 0.42077922 0.29347826 0.37765807 0.51612903 0.25000000 0.19662921
 0.00000000 0.02597403 0.34782609 0.31386447 0.35483871 0.58333333 0.29494382
 0.20000000 0.03896104 0.10326087 0.14091296 0.72258065 0.83333333 0.83707865
 1.00000000 0.72987013 0.50000000 0.66402041 0.33548387 0.75000000 0.15449438
 1.00000000 0.72727273 0.67391304 0.72356110 0.21935484 0.58333333 0.12640449
 0.20000000 0.18441558 0.18478261 0.45846328 0.80000000 0.91666667 0.48033708
