0.12225266  0.40000000 0.13612565 0.31379310 0.46504065 0.28947368 0.93269231 0.71078002 0.17919075 0.13592233 0.52343750 0.09677419 0.12280702 0.33333333 0.33333333 0.38888889
0.18294475  0.60000000 0.33507853 0.42068966 0.59674797 0.54385965 0.41346154 0.39307625 0.35260116 0.46601942 0.80468750 0.07096774 0.31578947 0.33333333 0.30303030 0.38888889
0.07271695  0.40000000 0.06806283 0.34137931 0.26016260 0.31578947 0.85576923 0.23488168 0.17919075 0.00970874 0.82031250 0.10967742 0.24561404 1.00000000 0.42424242 0.44444444
0.06463358  0.80000000 0.09424084 0.24482759 0.27317073 0.28947368 0.41346154 0.27695004 0.27167630 0.68932039 0.21875000 0.07741935 0.21929825 0.11111111 0.30303030 0.36111111
0.11279979  0.40000000 0.26178010 0.42068966 0.59674797 0.54385965 0.58653846 0.40403155 0.35260116 0.46601942 0.80468750 0.07096774 0.31578947 0.33333333 0.30303030 0.38888889
0.17125392  0.40000000 0.26178010 0.42068966 0.59674797 0.54385965 0.58653846 0.40403155 0.35260116 0.46601942 0.80468750 0.07096774 0.31578947 0.33333333 0.30303030 0.38888889
0.18638520  0.20000000 0.00000000 0.54482759 0.56097561 0.54385965 0.52884615 0.43470640 0.28323699 0.34951456 0.77343750 0.96774194 0.21929825 0.16666667 0.42424242 0.41666667
0.05781949  0.60000000 0.29842932 0.27241379 0.39349593 0.30701754 0.49038462 0.19719544 0.20809249 0.23300971 0.72656250 0.12258065 0.18421053 0.55555556 0.45454545 0.52777778
0.08320529  0.60000000 0.43455497 0.24482759 0.26341463 0.30701754 0.11538462 0.21954426 0.16763006 0.05825243 0.67968750 0.12258065 0.17543860 0.72222222 0.45454545 0.55555556
0.26144031  0.40000000 0.10471204 0.34137931 0.55772358 0.42982456 0.45192308 0.42813322 0.28323699 0.23300971 0.95312500 0.09677419 0.46491228 0.88888889 0.24242424 0.27777778
0.13898724  0.60000000 0.31413613 0.33448276 0.50894309 0.44736842 0.21153846 0.40096407 0.28323699 0.25242718 0.85937500 0.00000000 0.59649123 0.72222222 0.21212121 0.33333333
0.36341773  1.00000000 0.69109948 0.56206897 0.68943089 0.64912281 0.25000000 0.66958808 0.63583815 0.34951456 0.77343750 0.11612903 0.99122807 0.55555556 0.09090909 0.16666667
0.34711738  0.80000000 0.20418848 0.43103448 0.73983740 0.54385965 0.64423077 0.55652936 0.34682081 0.61165049 0.55468750 0.11612903 0.54385965 0.58333333 0.15151515 0.27777778
0.18294475  0.60000000 0.33507853 0.42068966 0.59674797 0.54385965 0.41346154 0.39307625 0.35260116 0.46601942 0.80468750 0.07096774 0.31578947 0.33333333 0.30303030 0.38888889
0.10257866  0.60000000 0.31413613 0.33448276 0.50894309 0.44736842 0.21153846 0.40184049 0.35260116 0.42718447 0.85937500 0.06451613 0.35087719 0.44444444 0.27272727 0.38888889
0.08875008  0.80000000 0.29842932 0.36896552 0.49756098 0.45614035 0.60576923 0.33873795 0.20809249 0.09708738 0.81250000 1.00000000 0.03508772 0.33333333 0.63636364 0.77777778
0.09609860  0.80000000 0.15183246 0.36896552 0.49756098 0.45614035 0.60576923 0.34005259 0.20809249 0.09708738 0.81250000 1.00000000 0.03508772 0.33333333 0.63636364 0.77777778
0.14800588  0.40000000 0.21465969 0.36551724 0.52520325 0.42982456 0.50961538 0.35670465 0.34104046 0.40776699 0.86718750 0.06451613 0.42982456 0.55555556 0.33333333 0.44444444
0.20465629  0.40000000 0.26178010 0.42068966 0.59674797 0.54385965 0.58653846 0.41060473 0.35260116 0.46601942 0.80468750 0.07096774 0.31578947 0.33333333 0.30303030 0.38888889
0.05257532  0.60000000 0.46596859 0.24482759 0.42601626 0.30701754 0.13461538 0.21954426 0.16763006 0.05825243 0.67968750 0.12258065 0.17543860 0.72222222 0.45454545 0.55555556
0.13284121  0.40000000 0.21465969 0.34137931 0.42926829 0.42982456 0.37500000 0.35100789 0.28323699 0.23300971 0.95312500 0.09677419 0.33333333 0.88888889 0.33333333 0.41666667
0.20475650  0.20000000 0.00000000 0.54482759 0.56097561 0.54385965 0.43269231 0.42506573 0.35260116 0.38834951 0.92187500 0.07741935 0.38596491 0.00000000 0.33333333 0.38888889
0.05267553  0.60000000 0.25130890 0.22413793 0.41788618 0.34210526 0.45192308 0.20026293 0.17341040 0.11650485 0.61718750 0.09677419 0.17543860 0.44444444 0.45454545 0.55555556
0.09275837  0.40000000 0.21465969 0.34137931 0.42926829 0.42982456 0.37500000 0.32778265 0.28323699 0.23300971 0.95312500 0.09677419 0.33333333 0.88888889 0.33333333 0.41666667
0.62652816  0.60000000 0.48691099 0.66206897 0.83902439 0.97368421 0.62500000 0.70026293 0.40462428 0.21359223 0.81250000 0.05161290 0.80701754 0.72222222 0.03030303 0.05555556
0.03577393  0.80000000 0.50261780 0.24482759 0.26341463 0.35964912 0.13461538 0.19982472 0.17919075 0.05825243 0.67968750 0.12258065 0.17543860 0.72222222 0.45454545 0.55555556
0.05257532  0.60000000 0.46596859 0.24482759 0.42601626 0.30701754 0.13461538 0.21954426 0.16763006 0.05825243 0.67968750 0.12258065 0.17543860 0.72222222 0.45454545 0.55555556
0.21481061  0.80000000 0.36125654 0.40689655 0.57073171 0.46491228 0.25000000 0.53724803 0.49132948 0.68932039 0.89062500 0.11612903 0.59649123 0.33333333 0.24242424 0.33333333
0.15101209  0.80000000 0.36125654 0.40689655 0.57073171 0.46491228 0.25000000 0.45924628 0.49132948 0.68932039 0.89062500 0.11612903 0.59649123 0.33333333 0.24242424 0.33333333
0.62652816  0.60000000 0.48691099 0.66206897 0.83902439 0.97368421 0.62500000 0.70026293 0.40462428 0.21359223 0.81250000 0.05161290 0.80701754 0.72222222 0.03030303 0.05555556
0.13898724  0.20000000 0.37696335 0.33448276 0.50894309 0.44736842 0.21153846 0.40096407 0.28323699 0.25242718 0.85937500 0.00000000 0.59649123 0.72222222 0.21212121 0.33333333
0.22653484  0.40000000 0.50261780 0.73448276 0.74146341 0.71052632 0.70192308 0.67134093 0.34104046 0.53398058 0.64843750 0.05806452 0.42982456 0.44444444 0.09090909 0.16666667
0.27994522  0.40000000 0.22513089 0.47586207 0.70731707 0.54385965 0.54807692 0.68886941 0.69364162 0.50485437 0.71093750 0.09677419 0.91228070 0.55555556 0.09090909 0.19444444
0.52949429  0.40000000 0.64397906 0.50344828 0.58048780 0.39473684 0.47115385 0.53549518 0.59537572 0.38834951 0.64843750 0.09677419 0.64035088 0.02777778 0.15151515 0.27777778
0.00000000  0.80000000 0.09424084 0.24482759 0.25691057 0.27192982 0.41346154 0.24627520 0.20809249 0.68932039 0.00000000 0.09677419 0.18421053 0.38888889 0.45454545 0.50000000
0.22486472  1.00000000 0.44502618 0.43103448 0.73983740 0.54385965 0.64423077 0.51270815 0.34682081 0.61165049 0.55468750 0.11677419 0.54385965 0.58333333 0.15151515 0.27777778
0.88456143  0.20000000 0.14659686 1.00000000 1.00000000 1.00000000 0.66346154 1.00000000 0.70520231 0.65048544 1.00000000 0.90322581 0.65789474 0.08333333 0.18181818 0.19444444
0.10458280  0.80000000 0.53926702 0.29310345 0.34634146 0.30701754 0.37500000 0.22787029 0.20809249 0.23300971 0.72656250 0.12258065 0.18421053 0.55555556 0.45454545 0.52777778
0.00938606  0.60000000 0.18848168 0.24482759 0.14471545 0.32456140 0.30769231 0.15293602 0.10404624 0.00000000 0.55468750 0.16774194 0.10526316 0.72222222 0.66666667 0.66666667
0.88456143  0.20000000 0.14659686 1.00000000 1.00000000 1.00000000 0.66346154 1.00000000 0.70520231 0.65048544 1.00000000 0.90322581 0.65789474 0.08333333 0.18181818 0.19444444
0.10822366  0.40000000 0.13612565 0.31379310 0.40975610 0.35964912 0.32692308 0.27782647 0.21387283 0.27184466 0.52343750 0.09677419 0.19298246 0.33333333 0.36363636 0.44444444
0.39438172  0.40000000 0.66492147 0.50344828 0.58048780 0.39473684 0.47115385 0.39745837 0.27167630 0.57281553 0.34375000 0.08387097 0.46491228 0.88888889 0.21212121 0.30555556
0.20465629  0.40000000 0.26178010 0.42068966 0.59674797 0.54385965 0.58653846 0.41060473 0.35260116 0.46601942 0.80468750 0.07096774 0.31578947 0.33333333 0.30303030 0.38888889
0.57959784  0.20000000 0.15706806 0.77586207 0.77560976 0.75438596 0.58653846 0.75766871 0.48554913 0.09708738 0.81250000 1.00000000 0.50877193 0.33333333 0.30303030 0.25000000
0.14800588  0.40000000 0.21465969 0.36551724 0.52520325 0.42982456 0.50961538 0.35670465 0.34104046 0.40776699 0.86718750 0.06451613 0.42982456 0.55555556 0.33333333 0.44444444
0.06717216  0.60000000 0.18848168 0.24482759 0.14471545 0.32456140 0.30769231 0.20508326 0.17919075 0.00000000 0.82031250 0.10967742 0.24561404 1.00000000 0.42424242 0.44444444
0.08875008  0.80000000 0.29842932 0.36896552 0.49756098 0.45614035 0.60576923 0.33873795 0.20809249 0.09708738 0.81250000 1.00000000 0.03508772 0.33333333 0.63636364 0.77777778
0.37784755  0.80000000 0.66492147 0.50344828 0.58048780 0.39473684 0.47115385 0.39745837 0.27167630 0.57281553 0.34375000 0.08387097 0.46491228 0.88888889 0.21212121 0.30555556
0.12702919  0.20000000 0.23560209 0.57586207 0.54471545 0.37719298 1.00000000 0.45880806 0.35260116 0.41747573 0.85937500 0.06451613 0.35087719 0.44444444 0.24242424 0.33333333
0.11279979  0.40000000 0.26178010 0.42068966 0.59674797 0.54385965 0.58653846 0.40403155 0.35260116 0.46601942 0.80468750 0.07096774 0.31578947 0.33333333 0.30303030 0.38888889
0.10822366  0.40000000 0.13612565 0.31379310 0.40975610 0.35964912 0.32692308 0.27782647 0.21387283 0.27184466 0.52343750 0.09677419 0.19298246 0.33333333 0.36363636 0.44444444
0.09609860  0.80000000 0.15183246 0.36896552 0.49756098 0.45614035 0.60576923 0.34005259 0.20809249 0.09708738 0.81250000 1.00000000 0.03508772 0.33333333 0.63636364 0.77777778
0.05601577  0.60000000 0.20418848 0.22413793 0.29268293 0.34210526 0.45192308 0.18273444 0.17341040 0.11650485 0.61718750 0.09677419 0.17543860 0.44444444 0.45454545 0.55555556
0.16968401  0.40000000 0.12565445 0.35862069 0.52682927 0.44736842 0.34615385 0.42375110 0.27167630 0.68932039 0.21875000 0.09677419 0.40350877 0.55555556 0.27272727 0.36111111
0.20311978  0.80000000 0.36125654 0.40689655 0.57073171 0.46491228 0.25000000 0.52191060 0.49132948 0.68932039 0.89062500 0.11612903 0.59649123 0.33333333 0.24242424 0.33333333
0.36298350  0.00000000 0.19895288 0.61034483 0.77560976 0.60526316 0.65384615 0.63409290 0.46242775 0.84466019 0.61718750 0.12903226 0.57894737 0.66666667 0.24242424 0.27777778
0.36341773  1.00000000 0.69109948 0.56206897 0.68943089 0.64912281 0.25000000 0.66958808 0.63583815 0.34951456 0.77343750 0.11612903 0.99122807 0.55555556 0.09090909 0.16666667
0.05781949  0.60000000 0.29842932 0.27241379 0.39349593 0.30701754 0.49038462 0.19719544 0.20809249 0.23300971 0.72656250 0.12258065 0.18421053 0.55555556 0.45454545 0.52777778
0.26127330  0.00000000 0.19895288 0.61034483 0.77560976 0.60526316 0.65384615 0.62401402 0.46242775 0.84466019 0.61718750 0.12903226 0.57894737 0.66666667 0.21212121 0.27777778
0.10458280  0.80000000 0.53926702 0.29310345 0.34634146 0.30701754 0.37500000 0.22787029 0.20809249 0.23300971 0.72656250 0.12258065 0.18421053 0.55555556 0.45454545 0.52777778
0.07271695  0.40000000 0.06806283 0.34137931 0.26016260 0.31578947 0.85576923 0.23488168 0.17919075 0.00970874 0.82031250 0.10967742 0.24561404 1.00000000 0.42424242 0.44444444
1.00000000  1.00000000 0.40314136 0.34482759 0.63739837 0.89473684 0.13461538 0.96275197 1.00000000 0.53398058 0.57812500 0.05161290 0.93859649 0.30555556 0.00000000 0.00000000
0.09669985  0.40000000 0.10471204 0.35517241 0.52845528 0.44736842 0.52884615 0.40841367 0.27167630 0.68932039 0.21875000 0.09677419 0.29824561 0.33333333 0.21212121 0.30555556
0.26127330  0.00000000 0.19895288 0.61034483 0.77560976 0.60526316 0.65384615 0.62401402 0.46242775 0.84466019 0.61718750 0.12903226 0.57894737 0.66666667 0.21212121 0.27777778
0.36298350  0.00000000 0.19895288 0.61034483 0.77560976 0.60526316 0.65384615 0.63409290 0.46242775 0.84466019 0.61718750 0.12903226 0.57894737 0.66666667 0.24242424 0.27777778
0.34711738  0.80000000 0.20418848 0.43103448 0.73983740 0.54385965 0.64423077 0.55652936 0.34682081 0.61165049 0.55468750 0.11612903 0.54385965 0.58333333 0.15151515 0.27777778
0.36298350  0.00000000 0.19895288 0.61034483 0.77560976 0.60526316 0.65384615 0.63409290 0.46242775 0.84466019 0.61718750 0.12903226 0.57894737 0.66666667 0.24242424 0.27777778
0.07452068  0.60000000 0.19895288 0.27241379 0.47317073 0.30701754 0.39423077 0.23488168 0.20809249 0.23300971 0.72656250 0.12258065 0.18421053 0.55555556 0.45454545 0.52777778
0.52949429  0.40000000 0.64397906 0.50344828 0.58048780 0.39473684 0.47115385 0.53549518 0.59537572 0.38834951 0.64843750 0.09677419 0.64035088 0.02777778 0.15151515 0.27777778
0.77019173  0.40000000 0.14659686 0.69310345 0.75447154 0.87719298 0.52884615 0.87949167 0.70520231 0.65048544 1.00000000 0.90322581 0.65789474 0.08333333 0.18181818 0.19444444
0.37784755  0.80000000 0.66492147 0.50344828 0.58048780 0.39473684 0.47115385 0.39745837 0.27167630 0.57281553 0.34375000 0.08387097 0.46491228 0.88888889 0.21212121 0.30555556
0.20475650  0.20000000 0.00000000 0.54482759 0.56097561 0.54385965 0.43269231 0.42506573 0.35260116 0.38834951 0.92187500 0.07741935 0.38596491 0.00000000 0.33333333 0.38888889
0.10458280  0.80000000 0.53926702 0.29310345 0.34634146 0.30701754 0.37500000 0.22787029 0.20809249 0.23300971 0.72656250 0.12258065 0.18421053 0.55555556 0.45454545 0.52777778
0.03711003  0.60000000 0.43455497 0.24482759 0.26341463 0.30701754 0.11538462 0.20990359 0.16763006 0.05825243 0.67968750 0.12258065 0.17543860 0.72222222 0.45454545 0.55555556
0.00938606  0.60000000 0.18848168 0.24482759 0.14471545 0.32456140 0.30769231 0.15293602 0.10404624 0.00000000 0.55468750 0.16774194 0.10526316 0.72222222 0.66666667 0.66666667
0.07605718  0.60000000 0.25130890 0.22413793 0.41788618 0.34210526 0.45192308 0.20245399 0.17341040 0.16504854 0.61718750 0.09677419 0.17543860 0.44444444 0.45454545 0.55555556
0.03263411  0.60000000 0.20418848 0.22413793 0.29268293 0.34210526 0.45192308 0.18054338 0.17341040 0.11650485 0.61718750 0.09677419 0.17543860 0.44444444 0.45454545 0.55555556
0.38212305  1.00000000 0.69109948 0.56206897 0.68943089 0.64912281 0.25000000 0.65205960 0.63583815 0.34951456 0.77343750 0.11612903 0.99122807 0.55555556 0.12121212 0.16666667
0.13828579  0.40000000 0.13612565 0.31379310 0.40975610 0.35964912 0.32692308 0.28571429 0.21387283 0.27184466 0.52343750 0.09677419 0.19298246 0.33333333 0.36363636 0.44444444
0.11293340  1.00000000 0.46073298 0.33448276 0.51869919 0.44736842 0.00000000 0.36809816 0.35260116 0.42718447 0.85937500 0.06451613 0.35087719 0.44444444 0.27272727 0.38888889
